4 4 7476 7521 7520 7605 
4 4 7605 7703 7880 7790 
4 5 7790 7931 8116 8208 8300 
4 7 8300 8478 8582 8735 8833 8923 9051 
1 3 7975 7880 7790 
2 6 7975 8062 8063 8117 8188 8251 
4 5 9051 9002 8987 8895 8877 
4 6 8877 8924 8850 8794 8795 8722 
4 7 8722 8567 8723 8682 8724 8738 8809 
1 4 8251 8403 8622 8722 
2 8 8251 8189 8322 8541 8569 8583 8738 8809 
3 6 7764 7899 8051 8190 8440 8569 
4 6 8738 8602 8521 8441 8287 8424 
4 6 8424 8270 8406 8344 8252 8118 
3 7 8118 8104 7865 7812 7901 7902 7829 
3 4 7812 7739 7507 7361 
3 7 7812 7708 7610 7540 7382 7321 7266 
3 4 7266 7123 6995 7144 
3 7 7144 6935 6822 6651 6528 6385 6247 
4 9 5058 5203 5343 5541 5680 5804 5960 6110 6247 
3 9 5058 4901 4752 4613 4529 4412 4313 4226 4157 
2 7 4157 4158 4195 4170 4071 4005 3997 
2 3 4195 4284 4300 
1 3 4300 4443 4529 
1 4 4752 4627 4628 4675 
2 5 4212 4236 4343 4342 4300 
1 5 4675 4476 4361 4314 4212 
1 3 4212 4107 4019 
1 9 4212 4171 4196 4286 4144 4159 4181 4118 4160 
1 4 3949 4022 4118 4160 
2 6 5058 5003 5069 4990 5059 5109 
2 5 5109 5314 5380 5463 5559 
1 4 5559 5521 5522 5424 
2 8 5559 5640 5682 5716 5660 5733 5895 5997 
1 5 5424 5295 5223 5093 4938 
1 4 4732 4881 4880 4938 
4 5 4507 4642 4781 4833 4863 
1 2 4781 4732 
1 5 3949 3927 3892 3882 3847 
1 9 3847 3816 3827 3883 3902 3917 3928 3939 3952 
1 4 3952 3903 3848 3840 
1 4 3860 3966 4023 4123 
1 10 4123 4232 4345 4496 4714 4853 4962 5112 5245 5427 
1 5 4926 4961 5096 5044 5112 
4 6 4507 4396 4237 4120 3998 3882 
1 8 4699 4614 4430 4328 4182 4146 4033 3952 
1 5 4926 4771 4700 4532 4430 
1 6 4120 4121 4136 4172 4145 4182 
1 4 4120 4119 4135 4160 
1 5 4123 4088 4108 3940 3862 
1 5 3862 3863 3864 3894 3904 
1 3 3904 3865 3874 
1 4 3874 3828 3866 3822 
1 7 3822 3823 3895 3884 3841 3829 3885 
1 4 4383 4433 4368 4275 
1 4 4275 4304 4401 4402 
1 5 4402 4434 4448 4568 4647 
1 2 4647 4534 
1 5 3904 3987 4111 4272 4366 
1 2 4111 4056 
1 3 4056 3955 3874 
1 2 5643 5702 
1 5 4675 4754 4862 5059 5109 
1 5 5008 5113 5246 5368 5427 
1 3 5113 5182 5248 
1 4 3822 3932 4089 4214 
1 9 5427 5502 5686 5718 5790 5926 6116 6172 6371 
4 9 5464 5574 5523 5642 5662 5858 5874 5946 5983 
1 6 6355 6342 6306 6096 5946 5983 
3 6 5983 5999 6112 6233 6269 6389 
1 6 6389 6511 6613 6452 6390 6371 
3 3 6389 6583 6638 
3 9 6638 6883 6941 6959 6999 6904 7017 7057 7071 
2 8 7720 7850 7719 7718 7529 7364 7188 6999 
1 7 5427 5524 5619 5789 5910 5999 5983 
1 7 4019 4018 4017 4016 4030 3963 4005 
2 4 4475 4377 4250 4226 
3 8 4475 4428 4458 4528 4657 4751 4828 4816 
3 4 4816 5040 5039 5141 
3 8 5141 5038 5091 5090 5037 4985 5036 5124 
2 6 5124 5140 5216 5305 5338 5492 
2 2 5337 5492 
2 3 4816 4769 4626 
3 8 4475 4593 4708 4829 4936 4989 4977 5058 
3 4 5067 5126 4923 4936 
2 4 6089 5994 6169 6247 
2 5 6247 6286 6386 6433 6497 
3 5 6497 6633 6802 6937 7013 
2 5 6937 6996 7054 7030 7225 
3 5 7013 7125 7267 7444 7541 
3 6 7013 6803 6547 6387 6191 6138 
2 5 7013 6881 6823 6729 6654 
2 3 6138 5923 5806 
1 3 5806 5601 5380 
2 4 7144 7224 7124 7225 
2 5 5492 5636 5766 5905 6051 
2 6 5091 5262 5361 5494 5495 5637 
3 7 6070 5957 5697 5518 5379 5178 5124 
3 3 6070 6054 5977 
3 6 5977 5889 5802 5698 5677 5637 
2 15 5637 5730 5803 5907 6071 6203 6245 6384 6495 6595 6786 6899 7105 7204 7361 
2 4 7361 7362 7415 7540 
2 12 7361 7264 7240 7028 7011 6921 6783 6650 6575 6406 6285 6070 
1 3 6672 6860 6921 
4 5 6692 6573 6432 6222 6070 
4 7 6692 6706 6691 6859 6819 6799 6992 
4 5 6992 7048 7165 7397 7476 
3 4 7764 7737 7736 7810 
3 4 7476 7646 7825 7810 
1 3 7825 8030 8251 
1 6 8877 8736 8566 8366 8268 8208 
3 7 7738 7827 7932 8010 7976 8067 8118 
2 4 7738 7666 7503 7523 
2 8 6692 6801 6974 7086 7287 7360 7503 7523 
3 7 6051 6242 6430 6527 6671 6690 6799 
2 7 5697 5888 5872 5937 5936 5956 6051 
3 3 6051 5844 5854 
3 6 5854 5853 6020 6084 6220 6083 
3 5 6083 6260 6492 6726 6973 
1 4 6331 6566 6628 6726 
3 6 6973 7180 7084 7219 7396 7476 
1 5 7240 7429 7608 7791 7976 
3 7 6654 6843 6956 7185 7399 7555 7753 
3 6 7753 7904 7991 8105 8210 8368 
3 9 8368 8425 8545 8584 8645 8945 8964 9034 9035 
3 4 8945 9074 9173 9310 
3 4 9173 9207 9278 9402 
4 5 9402 9495 9628 9720 9937 
4 3 9495 9549 9645 
4 6 9645 9778 9938 9978 10065 10191 
1 2 9937 9938 
3 3 9978 10029 10040 
4 4 9937 9936 10029 10040 
4 3 10040 9945 9833 
4 5 9937 9796 9795 9858 9833 
4 5 9402 9469 9578 9707 9833 
2 6 9310 9348 9494 9611 9719 9833 
3 2 10040 10180 
3 4 10191 10160 10257 10180 
4 3 9833 9968 10014 
4 5 10014 10013 9967 9966 10141 
4 3 10141 10039 10038 
4 5 10038 10179 10270 10355 10436 
4 7 10038 9908 9777 9643 9548 9454 9374 
3 13 8761 8925 9003 9117 9206 9294 9443 9577 9656 9746 9848 9957 10038 
2 4 9294 9358 9359 9454 
4 5 10436 10595 10734 10809 10853 
3 11 10545 10575 10667 10687 10686 10780 10684 10779 10734 10809 10853 
3 6 10040 10143 10247 10327 10437 10545 
3 6 10257 10342 10405 10438 10546 10545 
1 9 10853 10972 10994 10983 11118 11268 11407 11482 11615 
1 5 11615 11668 11777 11889 11960 
1 4 11889 11912 11993 12091 
1 3 12091 12222 12278 
1 5 12278 12426 12515 12600 12514 
1 4 12514 12513 12502 12559 
1 4 12514 12401 12343 12188 
1 3 12559 12672 12774 
1 4 12091 12049 11846 11899 
1 7 11899 11857 11721 11817 11832 11730 11670 
1 3 11670 11550 11487 
1 4 11721 11623 11601 11485 
1 5 11485 11394 11408 11316 11237 
1 7 11615 11600 11572 11452 11334 11335 11485 
1 4 11899 11973 12189 12293 
1 3 12515 12456 12560 
1 5 12293 12385 12488 12534 12560 
1 4 12560 12724 12804 12831 
1 4 12774 12763 12790 12831 
1 9 13318 13199 13025 12776 12714 12545 12503 12415 12293 
1 4 11118 11333 11269 11334 
3 3 9875 9910 9938 
3 3 10191 10220 10181 
3 3 10181 10167 10293 
1 5 10293 10357 10394 10328 10429 
2 6 10257 10392 10458 10597 10715 10836 
2 5 9875 9925 9876 9780 9694 
1 7 9694 9781 9911 9980 10129 10329 10429 
1 10 9694 9629 9596 9470 9456 9386 9313 9142 9038 8870 
3 4 9645 9564 9550 9523 
2 6 9523 9404 9510 9581 9595 9694 
1 3 9120 9312 9404 
3 4 9120 9020 8852 8879 
3 4 8879 8896 8965 9035 
2 7 8761 8725 8571 8367 8324 8209 8080 
2 4 8209 8253 8386 8368 
1 7 8368 8271 8136 8171 8068 8035 8119 
1 4 8585 8705 8852 8879 
1 14 6883 7107 7294 7401 7481 7542 7683 7782 7918 8083 8240 8348 8426 8585 
1 6 11237 11052 10924 10782 10596 10546 
1 6 10429 10561 10705 10801 10909 11018 
3 13 11018 10960 10810 10811 10821 10812 10892 10928 10872 10765 10840 10822 10738 
1 2 10872 10976 
3 6 10822 10986 11171 11255 11396 11472 
3 7 10738 10756 10874 10930 10950 11021 11056 
2 7 11056 10875 10739 10692 10693 10789 10635 
1 3 10550 10615 10692 
3 8 10184 10295 10277 10378 10323 10345 10432 10550 
3 6 10184 10260 10377 10505 10633 10738 
3 5 10184 10102 9959 9849 9710 
3 7 9710 9538 9417 9280 9229 9104 8908 
2 6 9598 9735 9838 9914 10032 10132 
2 5 10132 10197 10346 10420 10635 
1 9 7850 8037 8038 8156 8291 8527 8648 8803 8908 
1 3 9456 9497 9597 
1 6 9597 9582 9537 9524 9565 9660 
1 5 9660 9709 9674 9646 9710 
1 6 9660 9749 9835 9947 10030 10144 
2 9 10144 10130 10183 10294 10376 10504 10600 10670 10738 
2 7 9598 9661 9616 9539 9419 9491 9392 
1 6 9392 9282 9230 9061 8936 8767 
1 4 9598 9511 9406 9351 
1 6 9351 9154 8972 8872 8665 8591 
1 3 8591 8410 8199 
1 12 8199 8056 7966 7908 7769 7836 7967 7919 7968 8074 8159 8175 
1 4 7419 7544 7671 7769 
2 10 9598 9725 9711 9768 9797 9881 9985 10084 10083 10184 
2 5 9710 9681 9724 9767 9797 
1 10 10635 10616 10617 10625 10694 10790 10842 10895 10963 10791 
1 3 10791 10236 10792 
1 5 10236 11040 11223 11421 11618 
1 4 11618 11556 11591 11767 
1 7 11767 11893 11949 11962 11835 11995 12022 
2 6 11893 12010 12138 12146 12024 12025 
2 7 12025 11963 11933 11895 11851 11823 11692 
2 4 11692 11577 11422 11321 
1 3 11321 11306 11383 
1 5 11383 11277 11198 11123 11011 
1 6 11011 11144 11143 11305 11413 11618 
1 5 11321 11232 11173 11124 11041 
3 5 11041 11146 11245 11323 11423 
3 4 11423 11324 11278 11213 
1 6 11321 11384 11354 11439 11440 11423 
1 2 11439 11529 
1 5 11529 11660 11752 11905 12082 
1 8 11423 11459 11530 11460 11477 11490 11593 11560 
1 9 11560 11678 11769 11863 11897 11826 11736 11694 11712 
1 7 11712 11854 11981 12083 12225 12322 12433 
1 7 11560 11693 11808 11964 12098 12163 12274 
1 5 12274 12381 12480 12580 12709 
1 3 12433 12493 12565 
1 4 12565 12650 12666 12614 
1 6 12650 12690 12731 12665 12710 12709 
1 7 12709 12744 12853 12876 12904 12963 13057 
1 5 12082 12197 12321 12310 12356 
1 7 12356 12491 12591 12730 12875 12963 13057 
1 7 13057 13093 13236 13361 13299 13389 13360 
3 4 11213 11147 11013 10936 
3 3 10936 10827 10843 
3 5 10843 10744 10653 10528 10529 
3 8 10529 10399 10299 10161 10058 10045 9962 9862 
2 7 9862 9686 9651 9449 9268 9129 8994 
1 6 9862 9989 10087 10148 10171 10263 
1 6 10263 10480 10582 10665 10759 10827 
1 9 10263 10337 10283 10284 10314 10398 10481 10528 10529 
1 5 10263 10422 10445 10510 10493 
3 6 10493 10652 10724 10879 11000 11041 
2 5 10493 10350 10200 10056 10069 
1 5 10056 9988 9952 9917 9815 
1 5 9815 9664 9569 9477 9395 
1 5 9395 9285 9232 9300 9268 
3 5 8994 8857 8817 8531 8352 
2 3 10069 9897 9736 
2 3 9736 9586 9407 
2 4 9407 9198 9156 9080 
1 5 9080 8952 8856 8814 8627 
1 8 8175 8332 8487 8333 8507 8668 8669 8814 
1 4 9407 9447 9369 9320 
1 5 11472 11575 11647 11833 11948 
2 7 11948 12093 12280 12331 12462 12562 12647 
1 5 12647 12707 12686 12660 12646 
1 5 12647 12727 12810 12836 12811 
1 5 12900 12921 12893 12885 12957 
1 3 12957 12922 12836 
1 7 12811 12820 12886 12959 13067 13190 13203 
1 6 13203 13319 13416 13535 13635 13730 
1 5 13730 13717 13692 13679 13716 
1 5 13716 13786 13829 13860 13903 
1 6 14151 14076 14007 13936 13927 13829 
1 4 13716 13634 13624 13520 
1 4 13520 13588 13650 13714 
1 4 13520 13394 13372 13258 
1 5 13258 13276 13309 13373 13294 
1 4 13294 13221 13190 13203 
1 3 13203 13106 13013 
1 5 13203 13242 13296 13438 13521 
1 3 13521 13550 13589 
1 7 13589 13471 13402 13403 13204 13449 13440 
1 6 13589 13625 13720 13821 13887 13921 
2 4 11472 11499 11524 11455 
2 5 11455 11602 11795 11848 11879 
1 3 11795 11891 11892 
2 3 11879 12038 12158 
2 4 12158 12269 12330 12459 
1 6 12459 12547 12575 12659 12779 12920 
1 7 12920 13050 13174 13240 13308 13435 13519 
1 4 13308 13410 13576 13657 
1 4 13519 13577 13576 13657 
2 3 12459 12368 12268 
2 3 12268 12192 12006 
2 5 11879 11915 11901 12007 12006 
2 6 11879 11804 11688 11551 11498 11395 
1 4 11455 11540 11523 11551 
2 3 11891 11976 12158 
3 3 11948 12021 11931 
1 6 12459 12561 12658 12706 12834 13009 
1 4 13009 13010 13188 13308 
1 8 13318 13307 13343 13384 13425 13602 13622 13657 
1 3 12186 11991 11873 
1 4 13610 13484 13341 13227 
1 2 11873 11757 
1 3 11873 11667 11571 
1 2 12186 12342 
1 2 12186 12238 
1 3 12105 12088 12169 
1 2 12105 12238 
1 2 12088 12305 
1 4 12169 11992 11728 11598 
1 6 11598 11641 11586 11405 11344 11133 
1 5 11586 11746 11888 12064 12170 
1 3 12170 12106 12169 
1 8 12614 12679 12594 12541 12445 12382 12283 12226 
1 6 12226 12284 12375 12392 12335 12406 
1 6 12406 12357 12358 12336 12183 12140 
1 4 11864 11800 11727 11620 
1 6 11620 11561 11517 11532 11635 11562 
1 5 11562 11387 11398 11280 11224 
1 4 11620 11695 11801 11810 
1 4 11801 11952 12101 12141 
1 3 11635 11811 11810 
1 6 11562 11680 11812 11865 11908 12057 
1 8 12057 12231 12447 12582 12722 12888 13044 13248 
1 6 13248 13466 13595 13857 13933 14128 
1 6 11224 11092 10964 10829 10698 10569 
1 4 10698 10803 10804 10805 
1 10 10804 10710 10584 10447 10315 10138 10035 9898 9755 9701 
1 11 9755 9618 9516 9376 9233 9185 9042 8995 8996 8886 8695 
1 3 9067 9108 9233 
1 6 8695 8536 8436 8339 8128 8114 
1 6 8128 8001 7926 7758 7601 7470 
1 5 7578 7731 7579 7600 7470 
1 7 7731 7858 8021 8221 8337 8493 8695 
1 7 7578 7660 7820 7947 8111 8279 8397 
1 5 8397 8559 8730 8912 9067 
1 8 8114 7890 7697 7494 7235 7065 6966 6873 
1 8 8114 8002 8003 8097 8164 8223 8357 8282 
1 8 8114 8280 8447 8596 8789 8957 9069 14119 
1 5 8282 8448 8538 8358 8267 
1 6 8538 8696 8775 8998 9256 14119 
1 5 8267 8578 8825 9043 9044 
1 6 8619 8638 8791 8826 8863 9044 
1 4 8619 8827 8982 9170 
1 3 9170 9273 9398 
1 4 14119 9325 9554 9667 
1 6 9044 9257 9555 9786 9785 9667 
1 10 9044 9303 9438 9451 9464 9531 9817 9901 10022 10072 
1 4 9170 9237 9305 9464 
1 5 8996 9068 9201 9234 9345 
1 9 12406 12542 12667 12784 13058 13287 13478 13479 13585 
1 4 12721 12732 12855 12784 
1 2 11864 12055 
1 2 12141 12055 
1 5 12140 12115 12071 11950 11864 
1 5 12614 12746 12783 12877 13016 
1 10 12679 12720 12698 12699 12680 12605 12761 12825 13130 13058 
1 3 12406 12481 12605 
1 8 12335 12201 12084 12100 12070 11982 11966 12140 
1 8 13016 13111 13209 13301 13477 13641 13746 13868 
1 9 13585 13758 13915 14030 14112 14174 14237 14250 14369 
3 12 14323 14375 14402 14393 14361 14394 14326 14327 14357 14362 14346 14369 
1 6 13868 13982 14127 14216 14288 14326 
1 8 13360 13473 13462 13615 13757 13855 13906 13960 
1 3 13723 13823 13906 
3 6 13960 13930 13967 14033 13988 13974 
3 6 13974 14021 14080 14147 14249 14323 
1 4 13960 14057 14130 14173 
1 5 14130 14184 14178 14157 14146 
1 6 14146 14209 14241 14215 14273 14285 
1 5 14146 14078 14028 13943 13905 
3 5 13875 13923 13944 13987 13960 
3 5 13875 13810 13798 13721 13671 
1 4 13905 13837 13745 13671 
1 5 13360 13491 13552 13581 13671 
1 4 13875 13865 13767 13757 
3 3 13671 13661 13639 
3 7 13440 13450 13451 13514 13591 13579 13639 
1 4 13921 14019 14101 14144 
1 4 14144 14172 14214 14285 
1 6 13905 13929 13928 13852 13904 13863 
1 5 13863 13965 14027 14077 14144 
1 6 13440 13523 13578 13670 13756 13863 
1 6 13974 13838 13706 13663 13582 13500 
1 4 14173 14185 14303 14331 
1 5 14331 14325 14235 14317 14323 
1 7 14285 14343 14373 14410 14464 14514 14569 
1 6 14569 14561 14583 14590 14593 14619 
1 6 14331 14388 14444 14488 14548 14595 
1 5 14323 14401 14457 14513 14563 
3 5 14369 14347 14308 14257 14186 
3 4 14186 14274 14175 14128 
1 2 13585 13502 
1 9 13502 13586 13503 13419 13455 13480 13444 13504 13466 
2 7 14128 14088 13976 13989 13934 13792 13618 
2 8 13934 13917 13977 13969 13990 13881 13708 13566 
2 4 14128 14232 14245 14338 
2 10 14338 14269 14433 14491 14460 14559 14577 14596 14653 14648 
2 3 14648 14734 14816 
2 8 14734 14760 14783 14730 14663 14727 14655 14688 
1 8 13868 13812 13907 13945 13889 13924 14029 13974 
1 8 13111 13086 13148 13112 13113 13194 13114 13130 
1 6 13890 14034 14047 14104 14193 14216 
1 4 13890 14023 14002 14030 
2 4 13566 13303 13197 12890 
2 4 12890 12966 12827 12598 
2 5 12598 12469 12250 12117 12017 
2 2 12250 12058 
2 4 12017 11534 11330 11292 
2 7 11292 11044 10586 10640 10382 10202 10072 
2 5 12468 12651 12868 12787 12890 
1 3 12651 12786 12952 
1 4 13618 13431 13322 12952 
1 8 12952 13159 13180 13210 13059 13072 13158 13044 
1 6 11954 12041 12184 12233 12482 12468 
1 5 12468 12217 11867 11582 11504 
1 4 12598 12749 13045 13135 
2 8 12017 11939 11940 11697 11855 11868 11813 11956 
1 8 11956 12074 12119 12287 12599 12750 12879 13101 
1 5 13101 12992 13264 13340 13315 
1 6 12992 12712 12553 12043 11841 11717 
1 4 11717 11792 11583 11371 
1 6 13135 13212 13433 13379 13507 13672 
1 2 9828 10059 
1 6 10059 10368 10556 10795 10969 11204 
1 4 9398 9218 9013 8887 
1 2 9045 8887 
1 5 8473 8697 8828 8888 9045 
1 8 8473 8297 8079 7859 7642 7471 7280 7067 
1 10 7067 6856 6746 6625 6422 6200 6013 5776 5567 5374 
1 3 7548 7518 7471 
1 4 5082 4916 5173 5374 
1 4 4589 4747 4875 4916 
1 5 4589 4573 4574 4357 4422 
1 5 4422 4358 4307 4125 4102 
1 7 5374 5435 5436 5437 5416 5417 5673 
1 3 6625 6540 6490 
1 9 6490 6560 6857 6912 6648 6778 6950 7101 7317 
1 9 7317 7473 7644 7878 8130 8249 8283 8581 8829 
1 6 9828 9606 9532 9356 8967 8829 
1 4 8697 8656 8889 8792 
1 5 9045 9171 9326 9410 9545 
1 3 9545 9854 10319 
1 6 5711 5535 5332 5287 4915 5082 
1 3 4915 4793 4636 
1 6 4636 4537 4635 4608 4622 4621 
1 4 4010 4190 4355 4537 
1 7 4636 4488 4470 4297 4298 4505 4589 
1 7 3707 3763 3852 3913 4152 4222 4297 
1 4 3887 3896 3921 4010 
1 6 4246 4373 4487 4296 4456 4621 
1 6 4246 4045 3989 3851 3807 3773 
1 3 3887 3974 4045 
1 7 4621 4846 5001 5211 5454 5629 5711 
1 4 3921 3875 3796 3748 
1 5 3707 3634 3635 3570 3489 
1 8 3489 3439 3379 3279 3245 3193 3144 3109 
1 5 3396 3424 3443 3451 3489 
1 9 3396 3372 3300 3373 3389 3380 3348 3374 3363 
1 5 3363 3276 3256 3206 3190 
1 4 3363 3404 3381 3405 
1 5 3190 3101 3044 3003 2947 
1 5 3109 3084 3053 3023 2989 
1 6 2989 3030 3071 3137 3166 3151 
1 5 3166 3215 3270 3336 3396 
1 5 2989 2943 2912 2872 2837 
1 6 2837 2855 2827 2825 2844 2823 
1 6 2844 2893 2873 2845 2890 2894 
1 6 2894 2945 2964 2946 2932 2947 
1 6 2616 2647 2695 2741 2789 2823 
1 7 2616 2661 2682 2708 2748 2797 2837 
1 10 2556 2552 2570 2615 2630 2670 2710 2734 2805 2837 
1 4 2710 2671 2681 2682 
1 3 2739 2740 2734 
1 6 2739 2770 2783 2813 2796 2759 
1 4 2796 2862 2866 2869 
1 8 3109 3090 3022 3013 2952 2938 2927 2862 
1 2 3083 3038 
1 4 2869 2924 2875 2841 
1 5 2841 2808 2728 2693 2705 
1 6 2705 2680 2632 2593 2541 2508 
1 5 2508 2512 2524 2498 2465 
1 6 2465 2428 2398 2361 2359 2369 
1 8 2369 2394 2427 2453 2475 2511 2553 2569 
1 2 2359 2394 
1 4 2545 2575 2622 2664 
1 4 2545 2515 2486 2452 
1 4 2386 2376 2408 2452 
1 4 2486 2510 2535 2526 
1 5 2545 2516 2503 2527 2517 
1 3 2535 2574 2622 
1 5 2569 2642 2684 2713 2776 
1 4 2776 2794 2839 2836 
1 5 2836 2892 2941 3014 3055 
1 5 3014 3088 3141 3185 3229 
1 5 3055 3107 3150 3168 3229 
1 5 3185 3230 3251 3353 3408 
1 4 3014 3008 3020 3018 
1 3 2839 2888 2941 
1 3 2836 2785 2784 
1 5 2839 2882 2929 2984 3018 
1 6 2776 2819 2826 2861 2934 2984 
1 4 3018 3114 3128 3175 
1 3 3369 3332 3408 
1 4 3175 3221 3275 3332 
1 4 3369 3461 3546 3607 
1 4 3607 3590 3597 3657 
1 5 3657 3537 3496 3541 3643 
1 3 3643 3734 3773 
1 5 3369 3370 3415 3435 3496 
1 5 3369 3278 3223 3197 3097 
1 2 3643 3625 
1 4 3625 3591 3562 3555 
1 8 3555 3488 3582 3577 3626 3663 3670 3748 
1 4 3625 3684 3735 3710 
1 4 3710 3690 3612 3582 
1 8 3151 3194 3182 3219 3255 3313 3314 3363 
1 5 1912 2002 2050 2099 2133 
1 5 1570 1505 1462 1492 1447 
1 2 1447 1373 
1 8 1457 1456 1396 1277 1385 1425 1395 1514 
1 3 1277 1208 1153 
1 9 1153 1116 1112 1135 1176 1192 1220 1219 1271 
1 3 1192 1246 1292 
1 4 1292 1330 1357 1385 
1 2 1514 1555 
1 5 1456 1486 1533 1591 1694 
1 8 1694 1741 1750 1790 1809 1853 1887 2030 
1 4 2030 1957 1967 2025 
1 3 1661 1733 1853 
1 4 1681 1784 1892 1957 
1 5 1891 1966 1911 1938 2025 
1 2 1938 1892 
1 4 1429 1519 1590 1681 
1 7 1388 1446 1460 1469 1518 1576 1429 
1 7 1429 1365 1372 1291 1216 1240 1271 
1 6 1429 1430 1413 1454 1455 1395 
1 3 1298 1343 1413 
1 2 1298 1219 
1 5 2705 2730 2765 2738 2795 
1 6 2738 2747 2746 2722 2679 2714 
1 3 2714 2677 2642 
1 5 2593 2586 2651 2674 2679 
1 6 3697 3692 3737 3765 3759 3777 
1 6 3777 3778 3754 3715 3784 3738 
1 8 3738 3739 3716 3769 3766 3717 3680 3661 
1 5 3661 3708 3727 3803 3789 
1 4 3789 3780 3718 3681 
1 6 3681 3636 3566 3530 3465 3411 
1 5 3681 3655 3703 3767 3742 
1 3 3908 3800 3767 
1 3 3742 3709 3558 
1 4 3742 3728 3826 3916 
1 11 4766 4556 4323 4263 4128 4002 3915 3845 3857 3837 3803 
1 6 3405 3446 3463 3479 3453 3471 
1 9 3471 3528 3508 3491 3457 3419 3375 3302 3263 
1 4 3491 3550 3615 3661 
1 7 3263 3282 3288 3319 3342 3406 3411 
1 8 3365 3384 3289 3283 3239 3162 3149 3087 
1 6 3365 3459 3567 3666 3704 3790 
1 5 3329 3321 3339 3248 3162 
1 3 4311 4224 4424 
1 3 3916 3947 4224 
1 5 4424 4441 4472 4579 4848 
1 5 5633 5175 5022 4727 4424 
1 7 5633 5887 5973 6201 6491 6688 6399 
1 4 6688 6592 6427 6543 
1 4 7861 7412 6991 6543 
1 5 4225 4339 4473 4491 4579 
1 4 4225 4096 3815 3790 
1 4 3790 3815 3750 3756 
1 5 3756 3936 4211 4411 4540 
1 7 4540 4857 5176 5215 5459 5744 5474 
1 6 5474 5475 5517 5378 5403 5476 
1 6 5476 5821 6106 6563 6955 7395 
1 4 5517 6017 6364 6748 
1 2 6364 6563 
1 7 7395 7318 7763 8115 8401 8733 8921 
1 3 8451 8452 8401 
1 5 8452 8876 9223 9508 9705 
1 3 9705 9868 10113 
1 4 10113 10472 10642 10681 
1 5 10681 10531 10340 10155 9934 
1 4 10681 10487 10254 10074 
1 4 10681 10886 11177 11129 
1 6 10113 9902 10024 9760 9485 9049 
1 4 8451 8185 7748 7676 
1 4 7861 7413 7117 7178 
1 4 7676 7628 7394 7178 
1 4 4225 4525 4707 5035 
1 4 6688 6971 7358 7550 
1 8 6543 6428 6281 5975 5843 5712 5336 5176 
1 5 3666 3772 3838 3925 4225 
1 5 10215 10469 10657 10777 11205 
1 5 11205 11584 12044 12151 12584 
1 4 2352 2335 2300 2215 
1 4 2335 2374 2418 2430 
1 2 2430 2479 
1 3 2352 2331 2323 
1 3 2698 2721 2769 
1 3 2915 2904 2870 
1 2 2698 2744 
1 3 7035 7208 7150 
1 7 7150 6927 6848 6714 6477 6235 6118 
1 4 6118 6076 6119 6143 
1 2 5168 5370 
1 2 5168 5115 
1 5 4929 5045 5151 5186 5168 
1 9 3885 3957 4079 4185 4290 4418 4545 4735 4929 
1 5 4214 4289 4302 4274 4418 
1 6 4929 5073 5297 5385 5561 5720 
1 6 7150 7344 7402 7465 7532 7769 
1 3 7419 7487 7345 
1 6 7345 7248 7328 7369 7275 7111 
1 5 4647 4534 4548 4569 4517 
1 7 4517 4649 4787 4870 4995 5153 5253 
1 4 5253 5388 5577 5506 
1 5 5506 5548 5704 5689 5688 
1 11 6060 6145 6293 6415 6533 6620 6792 6868 6906 7001 7111 
1 9 7111 7092 7211 7228 7229 7250 7298 7299 7155 
1 8 6079 6121 6323 6393 6504 6809 6984 7155 
1 7 6504 6275 6122 5949 5834 5649 5591 
1 5 6079 5948 5864 5758 5591 
1 4 5253 5389 5468 5591 
1 4 5577 5757 5917 6079 
1 8 4517 4721 4889 5015 5252 5432 5565 5688 
1 6 5253 5077 5048 4943 4996 4891 
1 3 4943 4890 4762 
1 8 4188 4187 4217 4244 4332 4500 4662 4891 
1 4 6811 6683 6457 6276 
1 8 6276 6147 5967 5797 5529 5390 5255 5027 
1 7 5027 4931 4738 4602 4404 4292 4188 
1 5 4738 4737 4807 4841 4891 
1 4 6275 6146 6158 6008 
1 6 6008 6210 6418 6660 6964 7194 
1 8 6008 5836 5606 5490 5322 5131 5049 4891 
1 4 6457 6324 6478 6418 
1 4 5323 5391 5390 5255 
1 7 4292 4257 4334 4519 4665 4739 4686 
1 3 4686 4789 4740 
1 3 4740 4550 4452 
1 6 4740 4947 4855 4910 4964 5051 
1 9 4452 4502 4520 4436 4503 4437 4467 4388 4259 
1 5 4467 4570 4724 4809 4633 
1 6 4633 4775 4893 5079 5155 5234 
3 8 6254 6067 5902 5759 5609 5510 5394 5234 
3 9 6254 6239 6080 6066 6065 6031 5968 5918 5775 
1 5 5739 5884 5850 5950 6066 
1 4 6254 6255 6297 6184 
3 4 6254 6517 6663 6872 
3 7 6872 7022 7097 7232 7407 7536 7659 
3 7 7659 7658 7618 7692 7691 7872 7999 
1 5 7406 7492 7576 7744 7691 
3 4 8352 7982 7983 7999 
1 5 7406 7546 7657 7871 7982 
1 5 7406 7231 7038 6832 6505 
1 11 6254 6396 6461 6516 6538 6642 6662 6761 6833 6888 7038 
1 5 5234 5393 5531 5671 5739 
1 4 5394 5511 5330 5395 
1 8 5234 5156 5029 4822 4792 4634 4469 4352 
1 4 4352 4218 4203 4151 
1 9 4633 4666 4607 4571 4572 4454 4421 4469 4352 
1 6 5051 5018 4911 4949 5019 4893 
1 2 4724 4911 
1 3 1768 1801 1739 
1 7 1768 1633 1586 1483 1491 1443 1371 
1 8 1768 1862 1953 2018 2079 2058 2151 2203 
1 4 1602 1615 1646 1670 
1 6 1670 1692 1821 1925 1976 2028 
1 8 1976 2078 2121 2169 2246 2264 2251 2278 
1 9 2169 2209 2233 2256 2316 2339 2355 2364 2392 
1 12 2278 2219 2173 2117 2052 1994 1975 2021 1993 2027 2088 2119 
1 3 1821 1816 1908 
1 8 1602 1599 1566 1512 1441 1392 1424 1379 
1 5 1379 1321 1250 1297 1269 
1 7 1379 1327 1296 1210 1218 1224 1183 
1 2 1218 1164 
1 8 1183 1127 1132 1141 1084 1050 1019 967 
1 10 967 937 978 956 1012 990 1009 1015 1027 1049 
1 3 1041 1052 1063 
1 3 1063 1119 1118 
1 3 1118 1067 1041 
1 2 1118 1178 
1 2 1178 1177 
1 3 1041 1073 1130 
1 3 1063 1093 1098 
1 3 1485 1438 1368 
1 2 1368 1331 
1 6 1331 1398 1448 1521 1595 1658 
1 4 1521 1506 1466 1450 
1 7 1466 1546 1613 1697 1759 1752 1793 
1 5 1793 1794 1760 1859 1915 
1 6 1915 1942 2100 2141 2177 2207 
1 3 1942 1934 2035 
1 5 2207 2172 2134 2116 2035 
1 8 2338 2274 2270 2231 2127 2116 2134 2172 
1 2 2274 2315 
1 4 2274 2075 2085 2119 
1 6 1723 1828 1889 1943 2051 2119 
1 7 1994 1975 1929 1867 1813 1716 1680 
1 5 1680 1747 1746 1834 1889 
1 4 1680 1614 1560 1472 
1 5 1943 2009 1969 1951 1992 
1 3 1992 2063 2127 
1 7 2338 2383 2437 2476 2495 2531 2554 
1 2 2315 2338 
1 2 1465 1515 
1 6 1515 1572 1676 1709 1778 1799 
1 5 1515 1500 1557 1606 1644 
1 2 1676 1644 
1 5 2055 1991 1898 1824 1751 
1 7 1991 1948 1922 2003 2004 2020 2067 
1 3 1778 1857 1922 
1 2 1676 1751 
1 5 1012 1069 1121 1175 1313 
1 6 1050 1077 1144 1159 1275 1313 
1 11 967 979 983 984 963 964 980 1013 1054 1110 1127 
1 9 534 501 515 531 520 512 564 521 573 
1 4 534 559 616 674 
1 9 573 553 565 541 532 578 560 583 596 
1 4 469 497 506 541 
1 4 484 494 509 534 
1 6 674 688 696 666 659 635 
1 2 635 611 
1 6 534 552 590 589 602 611 
1 5 484 508 576 602 611 
1 3 611 613 617 
1 4 617 558 489 483 
1 4 558 539 530 508 
1 4 489 486 462 417 
1 6 400 369 361 334 327 300 
1 5 417 389 375 351 344 
1 4 300 278 284 307 
1 2 278 247 
1 3 214 218 247 
1 5 307 283 311 326 350 
1 7 437 415 396 388 368 345 350 
1 3 335 358 396 
1 5 255 279 288 310 311 
1 8 166 170 172 175 195 192 193 214 
1 8 166 169 174 177 171 185 181 194 
1 9 194 212 249 231 211 230 232 238 264 
1 3 264 261 260 
1 4 260 274 294 296 
1 5 260 228 187 168 152 
1 5 152 141 138 133 130 
1 9 296 337 367 407 474 527 545 601 629 
1 5 629 669 689 691 719 
1 6 719 745 771 800 836 835 
1 5 835 862 870 909 940 
1 3 800 799 801 
1 12 940 923 910 924 933 935 959 989 942 982 972 1014 
1 6 1014 1016 1061 1101 1174 1187 
1 8 1187 1185 1148 1230 1222 1278 1252 1247 
1 6 1247 1195 1125 1036 1017 1048 
1 3 1036 1028 1004 
1 4 1017 987 912 884 
1 3 919 925 912 
1 3 884 874 845 
1 3 845 831 866 
1 3 919 882 866 
1 5 866 841 809 803 806 
1 3 845 828 823 
1 4 823 789 773 766 
1 6 766 734 714 699 681 685 
1 7 770 778 790 792 808 824 837 
1 3 685 700 715 
1 4 685 681 657 622 
1 2 622 587 
1 2 587 593 
1 4 437 479 522 547 
1 3 547 572 587 
1 3 525 526 572 
1 4 249 289 316 328 
1 4 328 309 287 264 
1 6 264 292 312 352 377 386 
1 3 4286 4429 4596 
1 3 4596 4595 4754 
1 7 4596 4558 4676 4710 4817 4799 4938 
1 4 4699 4782 4864 4863 
1 5 4864 4925 4882 4939 4926 
1 6 4863 4992 5070 5181 5296 5464 
1 7 6355 6206 6057 5924 5788 5574 5464 
1 13 6355 6530 6655 6788 6903 7016 7070 7268 7310 7383 7508 7555 7753 
1 5 5486 5351 5149 5011 5012 
1 2 3840 3860 
1 8 3862 3968 4077 4138 4162 4241 4272 4366 
1 9 5008 4865 4715 4563 4446 4318 4183 4109 3968 
1 4 5248 5350 5486 5643 
1 7 5012 4884 4783 4616 4659 4803 4929 
1 3 4289 4432 4616 
1 7 4418 4367 4254 4303 4331 4349 4383 
1 5 4647 4703 4907 5076 5250 
1 6 5250 5387 5449 5489 5648 5688 
1 5 6143 5915 5735 5563 5370 
1 3 5915 6119 6076 
1 3 7059 7018 7035 
1 2 7059 7149 
1 4 7059 6942 6926 7071 
1 3 6293 6346 6585 
1 9 5370 5505 5526 5487 5624 5687 5772 5963 6060 
1 3 5300 5488 5624 
1 2 5624 5756 
1 7 5115 5152 5014 5046 5074 5075 5250 
1 2 5300 5250 
1 4 9073 9381 9357 9049 
1 9 6463 6486 6665 6836 7040 7078 7254 7332 7493 
1 11 7493 7641 7788 7985 8109 8265 8377 8491 8631 8771 8911 
1 5 8911 8979 8901 8772 8729 
1 8 8162 8264 8375 8376 8244 8416 8533 8491 
1 8 8162 8203 8374 8355 8334 8434 8556 8690 
1 6 9083 9041 9169 9183 9200 9213 
1 8 8941 8820 8787 8617 8435 8277 8145 8093 
1 7 7493 7619 7673 7772 7773 7577 7424 
1 5 7254 7374 7302 7315 7373 
1 9 6836 6742 6686 6645 6623 6589 6506 6378 6215 
