1 130 
1 166 
1 214 
1 264 
1 296 
1 300 
1 307 
1 311 
1 350 
1 361 
1 406 
1 417 
1 437 
1 469 
1 489 
1 508 
1 541 
1 570 
1 587 
1 601 
1 617 
1 635 
1 656 
1 674 
1 685 
1 719 
1 725 
1 766 
1 778 
1 801 
1 817 
1 849 
1 866 
1 883 
1 884 
1 940 
1 965 
1 967 
1 1009 
1 1014 
1 1048 
1 1049 
1 1100 
1 1118 
1 1127 
1 1153 
1 1187 
1 1202 
1 1215 
1 1218 
1 1247 
1 1305 
1 1313 
1 1331 
1 1339 
1 1368 
1 1379 
1 1401 
1 1429 
1 1447 
1 1454 
1 1466 
1 1485 
1 1515 
1 1602 
1 1657 
1 1658 
1 1670 
1 1680 
1 1683 
1 1694 
1 1731 
1 1768 
1 1778 
1 1782 
1 1829 
1 1863 
1 1891 
1 1912 
1 1915 
1 1943 
1 1975 
1 1999 
1 2015 
1 2028 
1 2030 
1 2031 
1 2035 
1 2055 
1 2060 
1 2091 
1 2101 
1 2119 
1 2127 
1 2133 
1 2145 
1 2169 
1 2184 
1 2189 
1 2207 
1 2223 
1 2242 
1 2278 
1 2303 
1 2313 
1 2315 
1 2328 
1 2346 
1 2352 
1 2368 
1 2369 
1 2430 
1 2442 
1 2448 
1 2500 
1 2508 
1 2532 
1 2556 
1 2558 
1 2563 
1 2569 
1 2698 
1 2705 
1 2776 
1 2823 
1 2836 
1 2837 
1 2915 
1 2984 
1 2989 
1 3014 
1 3025 
1 3065 
1 3083 
1 3087 
1 3097 
1 3178 
1 3196 
1 3200 
1 3229 
1 3263 
1 3268 
1 3329 
1 3363 
1 3365 
1 3369 
1 3379 
1 3405 
1 3411 
1 3487 
1 3514 
1 3555 
1 3625 
1 3657 
1 3661 
1 3681 
1 3697 
1 3707 
1 3731 
1 3738 
1 3742 
1 3748 
1 3756 
1 3777 
1 3790 
1 3822 
1 3840 
1 3847 
1 3862 
1 3885 
1 3904 
1 3916 
1 3949 
1 3952 
1 4009 
1 4010 
1 4045 
1 4123 
1 4157 
1 4188 
1 4212 
1 4214 
1 4225 
1 4259 
1 4275 
1 4300 
1 4307 
1 4352 
1 4366 
1 4424 
1 4475 
1 4517 
1 4556 
1 4589 
1 4621 
1 4633 
1 4636 
1 4647 
1 4740 
1 4816 
1 4859 
1 4863 
1 4926 
1 4929 
1 5012 
1 5058 
1 5082 
1 5157 
1 5168 
1 5176 
1 5234 
1 5253 
1 5374 
1 5390 
1 5427 
1 5474 
1 5476 
1 5492 
1 5506 
1 5509 
1 5559 
1 5633 
1 5637 
1 5648 
1 5697 
1 5711 
1 5712 
1 5720 
1 5739 
1 5741 
1 5775 
1 5897 
1 5983 
1 6008 
1 6051 
1 6060 
1 6070 
1 6079 
1 6138 
1 6143 
1 6200 
1 6247 
1 6254 
1 6355 
1 6399 
1 6463 
1 6495 
1 6505 
1 6543 
1 6620 
1 6654 
1 6689 
1 6692 
1 6748 
1 6783 
1 6799 
1 6811 
1 6871 
1 6873 
1 6914 
1 6973 
1 6999 
1 7013 
1 7035 
1 7046 
1 7067 
1 7111 
1 7144 
1 7194 
1 7225 
1 7266 
1 7361 
1 7395 
1 7406 
1 7470 
1 7476 
1 7493 
1 7548 
1 7676 
1 7720 
1 7738 
1 7764 
1 7861 
1 7903 
1 7918 
1 7975 
1 7986 
1 7999 
1 8080 
1 8093 
1 8114 
1 8118 
1 8162 
1 8175 
1 8199 
1 8251 
1 8267 
1 8282 
1 8352 
1 8368 
1 8397 
1 8451 
1 8473 
1 8619 
1 8627 
1 8722 
1 8761 
1 8767 
1 8809 
1 8829 
1 8852 
1 8870 
1 8908 
1 8921 
1 8941 
1 8994 
1 9044 
1 9045 
1 9049 
1 9051 
1 9067 
1 9073 
1 9170 
1 9183 
1 9392 
1 9395 
1 9402 
1 9407 
1 9597 
1 9598 
1 9645 
1 9667 
1 9701 
1 9705 
1 9710 
1 9833 
1 9862 
1 9934 
1 9937 
1 10038 
1 10040 
1 10069 
1 10072 
1 10074 
1 10113 
1 10132 
1 10144 
1 10184 
1 10199 
1 10263 
1 10319 
1 10429 
1 10493 
1 10529 
1 10545 
1 10550 
1 10569 
1 10593 
1 10681 
1 10738 
1 10790 
1 10791 
1 10792 
1 10853 
1 10902 
1 10936 
1 11011 
1 11018 
1 11041 
1 11056 
1 11129 
1 11204 
1 11205 
1 11224 
1 11292 
1 11303 
1 11321 
1 11334 
1 11385 
1 11395 
1 11423 
1 11455 
1 11460 
1 11472 
1 11485 
1 11504 
1 11560 
1 11562 
1 11615 
1 11618 
1 11620 
1 11692 
1 11712 
1 11879 
1 11892 
1 11899 
1 11908 
1 11948 
1 11956 
1 11960 
1 12006 
1 12017 
1 12022 
1 12025 
1 12058 
1 12082 
1 12140 
1 12141 
1 12169 
1 12186 
1 12226 
1 12274 
1 12406 
1 12433 
1 12459 
1 12468 
1 12514 
1 12598 
1 12614 
1 12647 
1 12709 
1 12774 
1 12831 
1 12890 
1 12900 
1 12952 
1 12963 
1 12992 
1 13016 
1 13044 
1 13139 
1 13203 
1 13258 
1 13318 
1 13360 
1 13440 
1 13500 
1 13519 
1 13566 
1 13585 
1 13589 
1 13610 
1 13618 
1 13657 
1 13671 
1 13672 
1 13716 
1 13868 
1 13921 
1 13960 
1 13974 
1 14128 
1 14151 
1 14216 
1 14285 
1 14369 
1 14569 
1 14619 
1 14648 
1 14727 
